Changing python chunks:

Boldsyllable found: <b>way</b>
indexofboldsyll: 1
verse as binary: [[[0, 1], 0, [1, 0, 1], 0, 1, 0, [1, 0]], [0, 1, 0, 0, [0, 1], 1, 0, [1, 0]], [0, 1, 0, 1, [0, 1], 0, 0, 1], [0, 1, 0, 1, 0, [1, 0], 1, [0, 1]], [0, [1, 0], 1, 0, 1, 0, 1, [0, 1]], [0, 1, [0, 1, 0], 1, 0, 1, 0, 1], [0, 1, 0, 1, 0, [1, 0], 0, 0, 1], [0, 1, 0, 1, 0, 0, 0, 1, 0, 1], [0, [1, 0], [1, 0], 1, 0, [1, 0], [1, 0]], [0, 1, [0, 1], 0, [1, 0], 1, 0, 0], [0, 1, 0, 0, 0, 1, [0, 1, 0], 1], [0, 1, 0, 0, 1, 0, 1, 0, 0], [[0, 1, 0], 1, 0, 0, 0, 1, 0, 0], [[0, 1, 0], [1, 0], 1, 0, [1, 0], 0], [0, 1, 0, [1, 0], 1, 0, 1, 0], [0, 1, 0, 1, 0, 0, 0, 1, 0, 1], [0, 1, 0, 1, [0, 1], 1], [0, 1, 0, [1, 0], [1, 0], 1, 0, 1], [0, 1, [0, 1], 0, [1, 0], 1], [0, 1, 0, [1, 0, 1], 0, [1, 0], 1], [0, 1, 0, 0, 0, 1, 0, 0, [0, 1]], [0, [1, 0], 1, 0, [1, 0], 1, 0, 0], [0, 1, 0, [1, 0], 0, 0, 1, 0, 0], [0, [1, 0], 1, 0, 1, 0, 1, 0, 0], [0, 1, 0, 1, 0, 0, 0, [0, 1]], [0, 1, 0, [1, 0, 1], 0, 1, 0, 0], [0, [1, 0], [1, 0], 0, 0, 1, 0, 0], [0, [1, 0], [1, 0], 1, [0, 1], 0, 1], [0, [1, 0, 1], 0, 0, 0, 0, 0, [1, 0]], [0, 1, 0, 0, 0, 0, 1, [0, 1]], []]
pythonchunkindex: 0
for pythonchunk [[0, 1], [0, 1, 0, 1], [0, 1, 0, 1], [0, 1, 0, 1], 0, [0, 1, 0, 1]]
chunkelementsindicesofincidence [[0, 4, 4, 7, 7, 0, 0, 0, 0, 2, 0, 0, 0, 0, 0, 0, 4, 0, 2, 0, 8, 0, 0, 0, 7, 0, 0, 4, 0, 7, 0], [0, 0, 0, 0, 0, 0, 0, 0, 0, 0, 0, 0, 0, 0, 0, 0, 0, 0, 0, 0, 0, 0, 0, 0, 0, 0, 0, 0, 0, 0, 0], [0, 0, 0, 0, 0, 0, 0, 0, 0, 0, 0, 0, 0, 0, 0, 0, 0, 0, 0, 0, 0, 0, 0, 0, 0, 0, 0, 0, 0, 0, 0], [0, 0, 0, 0, 0, 0, 0, 0, 0, 0, 0, 0, 0, 0, 0, 0, 0, 0, 0, 0, 0, 0, 0, 0, 0, 0, 0, 0, 0, 0, 0], [5, 6, 6, 4, 5, 6, 7, 8, 4, 7, 4, 8, 7, 5, 7, 8, 2, 6, 3, 4, 7, 7, 8, 8, 6, 7, 7, 5, 6, 5, 0], [0, 0, 0, 0, 0, 0, 0, 0, 0, 0, 0, 0, 0, 0, 0, 0, 0, 0, 0, 0, 0, 0, 0, 0, 0, 0, 0, 0, 0, 0, 0]]
pythonline as binary: [0, 1]
verselinebinary: [[0, 1], 0, [1, 0, 1], 0, 1, 0, [1, 0]]
location in versebinary: 0
verselineinput of verselinebinary: ['Noth', <b>ing</b>]
pythonchunkindex: 1
for pythonchunk [0, [0, 1], [0, 1, 0, 1], [0, 1]]
chunkelementsindicesofincidence [[5, 3, 6, 4, 5, 6, 7, 8, 4, 7, 4, 8, 7, 5, 7, 8, 2, 6, 3, 4, 7, 7, 8, 8, 6, 7, 7, 5, 6, 5, 0], [0, 4, 4, 7, 7, 0, 0, 0, 0, 2, 0, 0, 0, 0, 0, 0, 4, 0, 2, 0, 8, 0, 0, 0, 7, 0, 0, 4, 0, 7, 0], [0, 0, 0, 0, 0, 0, 0, 0, 0, 0, 0, 0, 0, 0, 0, 0, 0, 0, 0, 0, 0, 0, 0, 0, 0, 0, 0, 0, 0, 0, 0], [0, 4, 4, 7, 7, 0, 0, 0, 0, 2, 0, 0, 0, 0, 0, 0, 4, 0, 2, 0, 8, 0, 0, 0, 7, 0, 0, 4, 0, 7, 0]]
pythonline as binary: 0
verselinebinary: [None, 1, 0, 0, [0, 1], 1, 0, [1, 0]]
location in versebinary: 2
verselineinput of verselinebinary:  have
pythonline as binary: [0, 1]
verselinebinary: [None, 1, None, 0, [0, 1], 1, 0, [1, 0]]
location in versebinary: 4
verselineinput of verselinebinary: ['Rous', <b>sill</b>, 'on,']